Results: 
	CPU-DPU: 404.662000	
	DPU: 484.157000	
	DPU-CPU: 0.377000	
[[32mOK[0m] Outputs are equal
