Results: 
	CPU-DPU: 16.429000	
	DPU: 9.116333	
	DPU-CPU: 0.232667	
[[32mOK[0m] Outputs are equal
