Results: 
	CPU-DPU: 1194.086000	
	DPU: 853.766333	
	DPU-CPU: 7.289000	
[[32mOK[0m] Outputs are equal
