Results: 
	CPU-DPU: 7756.734371
	DPU: 912.783027
	DPU-CPU: 447.259009