Results: 
	CPU-DPU: 919.695000	
	DPU: 643.173667	
	DPU-CPU: 14.188667	
[[32mOK[0m] Outputs are equal
