Results: 
	CPU-DPU: 7772.405624
	DPU: 914.292991
	DPU-CPU: 498.232991