Results: 
	CPU-DPU: 31.390667	
	DPU: 24.768333	
	DPU-CPU: 12.773333	
[[32mOK[0m] Outputs are equal
