Results: 
	CPU-DPU: 431.915667	
	DPU: 515.937000	
	DPU-CPU: 9.146333	
[[32mOK[0m] Outputs are equal
