Results: 
	CPU-DPU: 483.673930
	DPU: 45.031000
	DPU-CPU: 444.108009