Results: 
	CPU-DPU: 114.451006
	DPU: 888.388991
	DPU-CPU: 10.519000