Comparing results with BFS executed on CPU
Result: 
	CPU-DPU: 1271.757000	
	DPU: 229.938000	
	DPU-CPU: 469.628000	
