Results: 
	CPU-DPU: 2121.568333	
	DPU: 582.026667	
	DPU-CPU: 1.011333	
[[32mOK[0m] Outputs are equal
