Results: 
	CPU-DPU: 6709.136963
	DPU: 896.556020
	DPU-CPU: 116.848998