Results: 
	CPU-DPU: 11880.740166
	DPU: 150.594994
	DPU-CPU: 162.442997