Results: 
	CPU-DPU: 6813.899517
	DPU: 855.889022
	DPU-CPU: 129.453003