Results: 
	CPU-DPU: 1481.025000
	DPU: 596.383667	
	DPU-CPU: 17.431000	
[[32mOK[0m] Outputs are equal
