Results: 
	CPU-DPU: 597.202667	
	DPU: 123.363667	
	DPU-CPU: 57.108667	
[[32mOK[0m] Outputs are equal
