Results: 
	CPU-DPU: 7861.936569
	DPU: 877.898991
	DPU-CPU: 600.540996