Results: 
	CPU-DPU: 15674.386024
	DPU: 201.738998
	DPU-CPU: 3872.649908