Results: 
	CPU-DPU: 887.109667	
	DPU: 601.822667	
	DPU-CPU: 22.897000	
[[32mOK[0m] Outputs are equal
