Results: 
	CPU-DPU: 518.190000	
	DPU: 120.073667	
	DPU-CPU: 48.384667	
[[32mOK[0m] Outputs are equal
