Results: 
	CPU-DPU: 17116.683960
	DPU: 202.148005
	DPU-CPU: 3634.783030