Results: 
	CPU-DPU: 7855.822563
	DPU: 879.679978
	DPU-CPU: 585.452020