Comparing results with BFS executed on CPU
Result: 
	CPU-DPU: 1041.549000	
	DPU: 238.952000	
	DPU-CPU: 508.047000	
