Results: 
	CPU-DPU: 1054.747333	
	DPU: 633.806333	
	DPU-CPU: 0.301000	
[[32mOK[0m] Outputs are equal
