Results: 
	CPU-DPU: 7256.863117
	DPU: 896.646023
	DPU-CPU: 113.824002